33733
7902
28949
4939
4054
13549
28225
10704
32320
5734
10880
10481
5261
12661
27462
6954
8447
624
630
29967
34992
14317
6810
35812
5371
17934
34111
28928
30496
4530
61299
10720
30750
29487
17251
31088
28144
9572
8580
30867
29430
8691
12837
30175
11721
34481
9544
4502
12595
11809
14372
11959
31323
16884
10255
29799
5636
13020
728
30128
7107
31550
1060
1708
33708
61379
61433
13139
10328
4940
9764
5211
33945
6864
11171
12061
9425
5309
16982
4375
13080
34191
296
7535
13967
8561
61407
31271
5184
7462
5790
9700
9579
7779
6527
11526
11067
10222
2133
5709
47999
45887
49967
49163
40910
52225
45198
52353
46619
52294
48248
49535
49892
51234
52318
45194
45402
42344
51062
48536
51010
48921
52428
41145
47835
48623
49237
49996
50871
49353
48442
52371
40341
50163
50690
45548
42302
50534
48947
43545
48597
37617
42310
50069
46546
41905
50625
51027
50428
47989
49201
50095
50121
49390
51305
50196
43859
48577
49774
49770
49781
40209
42414
45365
49797
48256
50519
48299
51146
40155
51000
51230
49621
51357
51165
52673
49111
41198
48472
47850
74413
63537
67957
75373
73503
75241
62669
73889
66978
70537
65300
65151
69874
62229
67646
63402
61813
73376
62814
71550
63436
66191
68797
66714
71830
72017
66895
65562
74512
72130
61827
68274
71905
75116
68263
72310
67489
63394
69917
71945
72140
74700
69878
67897
66310
65125
70972
67181
73935
65313
62110
74844
66051
64997
71986
63401
61853
69035
67702
64829
69640
69044
66430
74632
63430
67774
69944
74218
72120
69841
71755
70786
67732
69416
75057
69465
63178
61859
67969
71877
67478
75018
70712
65893
66831
69480
63239
69467
68568
63564
70114
69439
64864
67948
62731
69005
73297
68006
75349
65261
74106
66479
64863
68864
74477
72562
73747
65507
62782
68538
65123
61867
67444
69054
68514
67854
62324
67845
69757
74015
