296
624
630
728
1060
1708
2133
4054
4375
4502
4530
4939
4940
5184
5211
5261
5309
5371
5636
5709
5734
5790
6527
6810
6864
6954
7107
7462
7535
7779
7902
8447
8561
8580
8691
9425
9544
9572
9579
9700
9764
10222
10255
10328
10481
10704
10720
10880
11067
11171
11526
11721
11809
11959
12061
12595
12661
12837
13020
13080
13139
13549
13967
14317
14372
16884
16982
17251
17934
27462
28144
28225
28928
28949
29430
29487
29799
29967
30128
30175
30496
30750
30867
31088
31271
31323
31550
32320
33708
33733
33945
34111
34191
34481
34992
35812
37617
40155
40209
40341
40910
41145
41198
41905
42302
42310
42344
42414
43545
43859
45194
45198
45365
45402
45548
45887
46546
46619
47835
47850
47989
47999
48248
48256
48299
48442
48472
48536
48577
48597
48623
48921
48947
49111
49163
49201
49237
49353
49390
49535
49621
49770
49774
49781
49797
49892
49967
49996
50069
50095
50121
50163
50196
50428
50519
50534
50625
50690
50871
51000
51010
51027
51062
51146
51165
51230
51234
51305
51357
52225
52294
52318
52353
52371
52428
52673
61299
61379
61407
61433
61813
61827
61853
61859
61867
62110
62229
62324
62669
62731
62782
62814
63178
63239
63394
63401
63402
63430
63436
63537
63564
64829
64863
64864
64997
65123
65125
65151
65261
65300
65313
65507
65562
65893
66051
66191
66310
66430
66479
66714
66831
66895
66978
67181
67444
67478
67489
67646
67702
67732
67774
67845
67854
67897
67948
67957
67969
68006
68263
68274
68514
68538
68568
68797
68864
69005
69035
69044
69054
69416
69439
69465
69467
69480
69640
69841
69874
69878
69917
69944
70114
70537
70712
70786
70972
71550
71755
71830
71877
71905
71945
71986
72017
72120
72130
72140
72310
72562
73297
73376
73503
73747
73889
73935
74106
74218
74413
74477
74512
74632
74700
74844
75018
75057
75116
75241
75349
75373
